% Source file: Combined data for estimation.xlsx
% Spreadsheet: Actual time series

% ordering of the series

% 1: year
% 2: quarter
% 3: timeline
% 4: timeseq
% Source:	Deflator:	Transformation		
% 5: Nominal government spending is from BEA Table 3.1	Price deflator is the GDP price deflator	LN	Real Government consumption	G
% 6: Nominal tax (incl. social insurance) net of transfers	Price deflator is the GDP price deflator	LN	Net real taxes on the economy	TSner

data0=[
1946	1	1946	1	NaN	NaN
1946	2	1946.25	2	NaN	NaN
1946	3	1946.5	3	NaN	NaN
1946	4	1946.75	4	NaN	NaN
1947	1	1947	5	5.24072	5.96691
1947	2	1947.25	6	5.25356	5.93899
1947	3	1947.5	7	5.22921	5.81829
1947	4	1947.75	8	5.21281	5.90403
1948	1	1948	9	5.26525	5.90634
1948	2	1948.25	10	5.34094	5.87215
1948	3	1948.5	11	5.37507	5.85254
1948	4	1948.75	12	5.44825	5.85665
1949	1	1949	13	5.51639	5.83983
1949	2	1949.25	14	5.57626	5.79731
1949	3	1949.5	15	5.59246	5.78464
1949	4	1949.75	16	5.58489	5.75234
1950	1	1950	17	5.56759	5.71104
1950	2	1950.25	18	5.58193	5.93469
1950	3	1950.5	19	5.55396	6.08768
1950	4	1950.75	20	5.6228	6.14516
1951	1	1951	21	5.75744	6.24264
1951	2	1951.25	22	5.88887	6.19724
1951	3	1951.5	23	6.014	6.18478
1951	4	1951.75	24	6.07358	6.22836
1952	1	1952	25	6.09268	6.23967
1952	2	1952.25	26	6.13854	6.23791
1952	3	1952.5	27	6.15117	6.23285
1952	4	1952.75	28	6.17523	6.27488
1953	1	1953	29	6.2011	6.29824
1953	2	1953.25	30	6.22368	6.30504
1953	3	1953.5	31	6.19923	6.2926
1953	4	1953.75	32	6.19715	6.22191
1954	1	1954	33	6.16759	6.19172
1954	2	1954.25	34	6.13074	6.18642
1954	3	1954.5	35	6.11118	6.19581
1954	4	1954.75	36	6.10866	6.21809
1955	1	1955	37	6.11017	6.27796
1955	2	1955.25	38	6.11279	6.30069
1955	3	1955.5	39	6.12284	6.3187
1955	4	1955.75	40	6.10163	6.3378
1956	1	1956	41	6.10649	6.34586
1956	2	1956.25	42	6.13466	6.35603
1956	3	1956.5	43	6.12208	6.34471
1956	4	1956.75	44	6.14861	6.37274
1957	1	1957	45	6.18041	6.39408
1957	2	1957.25	46	6.17472	6.37571
1957	3	1957.5	47	6.18098	6.3689
1957	4	1957.75	48	6.20202	6.32432
1958	1	1958	49	6.1913	6.26977
1958	2	1958.25	50	6.22699	6.24855
1958	3	1958.5	51	6.23643	6.28578
1958	4	1958.75	52	6.26398	6.33562
1959	1	1959	53	6.24867	6.4069
1959	2	1959.25	54	6.26004	6.44531
1959	3	1959.5	55	6.26301	6.43508
1959	4	1959.75	56	6.24735	6.43786
1960	1	1960	57	6.22628	6.53957
1960	2	1960.25	58	6.23377	6.52672
1960	3	1960.5	59	6.26756	6.51582
1960	4	1960.75	60	6.27943	6.49554
1961	1	1961	61	6.29305	6.48941
1961	2	1961.25	62	6.29801	6.50516
1961	3	1961.5	63	6.31864	6.52382
1961	4	1961.75	64	6.34713	6.56171
1962	1	1962	65	6.37068	6.5804
1962	2	1962.25	66	6.37713	6.59741
1962	3	1962.5	67	6.40175	6.61459
1962	4	1962.75	68	6.40685	6.62013
1963	1	1963	69	6.40317	6.64815
1963	2	1963.25	70	6.40218	6.67641
1963	3	1963.5	71	6.44592	6.69025
1963	4	1963.75	72	6.44648	6.69834
1964	1	1964	73	6.45265	6.68836
1964	2	1964.25	74	6.46055	6.67208
1964	3	1964.5	75	6.46759	6.69342
1964	4	1964.75	76	6.46063	6.70513
1965	1	1965	77	6.45875	6.73749
1965	2	1965.25	78	6.47236	6.75439
1965	3	1965.5	79	6.51656	6.72928
1965	4	1965.75	80	6.54893	6.76132
1966	1	1966	81	6.57024	6.84449
1966	2	1966.25	82	6.58747	6.8677
1966	3	1966.5	83	6.62632	6.87513
1966	4	1966.75	84	6.64047	6.87038
1967	1	1967	85	6.68825	6.86848
1967	2	1967.25	86	6.68689	6.87228
1967	3	1967.5	87	6.70011	6.88755
1967	4	1967.75	88	6.71275	6.90748
1968	1	1968	89	6.7316	6.94944
1968	2	1968.25	90	6.73796	6.95763
1968	3	1968.5	91	6.74447	7.00216
1968	4	1968.75	92	6.74758	7.01436
1969	1	1969	93	6.74537	7.05895
1969	2	1969.25	94	6.74451	7.06525
1969	3	1969.5	95	6.75594	7.0527
1969	4	1969.75	96	6.74147	7.05132
1970	1	1970	97	6.7495	7.02087
1970	2	1970.25	98	6.73622	6.9805
1970	3	1970.5	99	6.74969	6.96803
1970	4	1970.75	100	6.75042	6.94263
1971	1	1971	101	6.74628	6.96633
1971	2	1971.25	102	6.74877	6.9489
1971	3	1971.5	103	6.75257	6.95394
1971	4	1971.75	104	6.7519	6.96662
1972	1	1972	105	6.77503	7.04477
1972	2	1972.25	106	6.78686	7.06384
1972	3	1972.5	107	6.76663	7.07171
1972	4	1972.75	108	6.7826	7.0664
1973	1	1973	109	6.80099	7.14388
1973	2	1973.25	110	6.79575	7.14278
1973	3	1973.5	111	6.77884	7.14187
1973	4	1973.75	112	6.78953	7.15211
1974	1	1974	113	6.81333	7.15845
1974	2	1974.25	114	6.82419	7.15824
1974	3	1974.5	115	6.82619	7.15384
1974	4	1974.75	116	6.83147	7.09898
1975	1	1975	117	6.84314	7.03727
1975	2	1975.25	118	6.83905	6.89878
1975	3	1975.5	119	6.85695	7.01474
1975	4	1975.75	120	6.87068	7.02681
1976	1	1976	121	6.87535	7.07661
1976	2	1976.25	122	6.86635	7.09881
1976	3	1976.5	123	6.85923	7.09924
1976	4	1976.75	124	6.86119	7.10446
1977	1	1977	125	6.87411	7.13961
1977	2	1977.25	126	6.88507	7.1681
1977	3	1977.5	127	6.8849	7.17211
1977	4	1977.75	128	6.88811	7.18714
1978	1	1978	129	6.88484	7.20783
1978	2	1978.25	130	6.9083	7.26196
1978	3	1978.5	131	6.9136	7.26286
1978	4	1978.75	132	6.9223	7.28597
1979	1	1979	133	6.91355	7.31541
1979	2	1979.25	134	6.92004	7.31036
1979	3	1979.5	135	6.92855	7.3011
1979	4	1979.75	136	6.94524	7.30127
1980	1	1980	137	6.96431	7.30613
1980	2	1980.25	138	6.97011	7.27233
1980	3	1980.5	139	6.95311	7.24992
1980	4	1980.75	140	6.95999	7.28172
1981	1	1981	141	6.97235	7.34682
1981	2	1981.25	142	6.97364	7.34597
1981	3	1981.5	143	6.96263	7.33977
1981	4	1981.75	144	6.97852	7.31606
1982	1	1982	145	6.97781	7.30504
1982	2	1982.25	146	6.98483	7.29912
1982	3	1982.5	147	6.99001	7.2625
1982	4	1982.75	148	7.01365	7.24362
1983	1	1983	149	7.01952	7.26059
1983	2	1983.25	150	7.02999	7.2982
1983	3	1983.5	151	7.04663	7.30675
1983	4	1983.75	152	7.02521	7.33437
1984	1	1984	153	7.05185	7.38937
1984	2	1984.25	154	7.07559	7.4065
1984	3	1984.5	155	7.0828	7.41373
1984	4	1984.75	156	7.10486	7.42829
1985	1	1985	157	7.11858	7.47959
1985	2	1985.25	158	7.14153	7.45008
1985	3	1985.5	159	7.1671	7.48693
1985	4	1985.75	160	7.17599	7.49683
1986	1	1986	161	7.18316	7.51307
1986	2	1986.25	162	7.20196	7.5066
1986	3	1986.5	163	7.22446	7.51801
1986	4	1986.75	164	7.21817	7.54304
1987	1	1987	165	7.22203	7.54135
1987	2	1987.25	166	7.22877	7.60358
1987	3	1987.5	167	7.22787	7.59194
1987	4	1987.75	168	7.23636	7.60538
1988	1	1988	169	7.23022	7.61994
1988	2	1988.25	170	7.23068	7.62635
1988	3	1988.5	171	7.22106	7.63735
1988	4	1988.75	172	7.23956	7.65243
1989	1	1989	173	7.23443	7.67449
1989	2	1989.25	174	7.24778	7.66943
1989	3	1989.5	175	7.2563	7.66899
1989	4	1989.75	176	7.26038	7.66618
1990	1	1990	177	7.27943	7.66808
1990	2	1990.25	178	7.27819	7.66548
1990	3	1990.5	179	7.27765	7.6706
1990	4	1990.75	180	7.2962	7.66259
1991	1	1991	181	7.2968	7.63759
1991	2	1991.25	182	7.29576	7.62683
1991	3	1991.5	183	7.28922	7.62957
1991	4	1991.75	184	7.28375	7.62114
1992	1	1992	185	7.29373	7.61776
1992	2	1992.25	186	7.29377	7.62028
1992	3	1992.5	187	7.30093	7.61905
1992	4	1992.75	188	7.29746	7.63854
1993	1	1993	189	7.28623	7.61802
1993	2	1993.25	190	7.28609	7.64891
1993	3	1993.5	191	7.28561	7.6494
1993	4	1993.75	192	7.29069	7.68633
1994	1	1994	193	7.27799	7.68299
1994	2	1994.25	194	7.28512	7.71104
1994	3	1994.5	195	7.3041	7.72112
1994	4	1994.75	196	7.29606	7.72638
1995	1	1995	197	7.30257	7.73244
1995	2	1995.25	198	7.30657	7.73892
1995	3	1995.5	199	7.30341	7.74762
1995	4	1995.75	200	7.29507	7.76176
1996	1	1996	201	7.30876	7.77032
1996	2	1996.25	202	7.31781	7.79447
1996	3	1996.5	203	7.31631	7.80488
1996	4	1996.75	204	7.3275	7.8325
1997	1	1997	205	7.33213	7.83954
1997	2	1997.25	206	7.33821	7.85774
1997	3	1997.5	207	7.33895	7.88139
1997	4	1997.75	208	7.34319	7.89393
1998	1	1998	209	7.33559	7.91315
1998	2	1998.25	210	7.35943	7.92866
1998	3	1998.5	211	7.37043	7.94714
1998	4	1998.75	212	7.38276	7.96483
1999	1	1999	213	7.39369	7.97346
1999	2	1999.25	214	7.40408	7.9831
1999	3	1999.5	215	7.42399	7.99752
1999	4	1999.75	216	7.44599	8.02091
2000	1	2000	217	7.44288	8.05654
2000	2	2000.25	218	7.45681	8.05499
2000	3	2000.5	219	7.45782	8.05398
