% Source file: Combined data for estimation.xlsx
% Spreadsheet: Time series switching variable

% ordering of the series

% 1: year
% 2: quarter
% 3: timeline
% 4: timeseq
% 5: Growth rate of output: moving average over 7 quarters

data_SV=[
1946	1	1946	1	nan
1946	2	1946.25	2	nan
1946	3	1946.5	3	nan
1946	4	1946.75	4	nan
1947	1	1947	5	nan
1947	2	1947.25	6	nan
1947	3	1947.5	7	nan
1947	4	1947.75	8	0.8576
1948	1	1948	9	0.7657
1948	2	1948.25	10	0.5878
1948	3	1948.5	11	0.5473
1948	4	1948.75	12	0.4917
1949	1	1949	13	0.1317
1949	2	1949.25	14	0.4372
1949	3	1949.5	15	0.7888
1949	4	1949.75	16	1.3153
1950	1	1950	17	1.7642
1950	2	1950.25	18	1.9959
1950	3	1950.5	19	2.0715
1950	4	1950.75	20	2.4881
1951	1	1951	21	1.9463
1951	2	1951.25	22	1.6610
1951	3	1951.5	23	1.1284
1951	4	1951.75	24	0.9746
1952	1	1952	25	1.2595
1952	2	1952.25	26	1.2893
1952	3	1952.5	27	1.1151
1952	4	1952.75	28	1.0038
1953	1	1953	29	0.6329
1953	2	1953.25	30	0.5488
1953	3	1953.5	31	0.4713
1953	4	1953.75	32	0.1672
1954	1	1954	33	0.1856
1954	2	1954.25	34	0.4836
1954	3	1954.5	35	0.8052
1954	4	1954.75	36	1.2227
1955	1	1955	37	1.3706
1955	2	1955.25	38	1.2873
1955	3	1955.5	39	1.2391
1955	4	1955.75	40	0.9379
1956	1	1956	41	0.7637
1956	2	1956.25	42	0.6168
1956	3	1956.5	43	0.3927
1956	4	1956.75	44	0.4502
1957	1	1957	45	0.3644
1957	2	1957.25	46	-0.1396
1957	3	1957.5	47	-0.0342
1957	4	1957.75	48	0.0651
1958	1	1958	49	0.3069
1958	2	1958.25	50	0.6274
1958	3	1958.5	51	0.8468
1958	4	1958.75	52	0.9808
1959	1	1959	53	1.4228
1959	2	1959.25	54	1.6524
1959	3	1959.5	55	1.2546
1959	4	1959.75	56	0.9487
1960	1	1960	57	0.4782
1960	2	1960.25	58	0.2065
1960	3	1960.5	59	0.4883
1960	4	1960.75	60	0.6674
1961	1	1961	61	0.6383
1961	2	1961.25	62	0.9592
1961	3	1961.5	63	1.0928
1961	4	1961.75	64	1.4086
1962	1	1962	65	1.3587
1962	2	1962.25	66	1.2794
1962	3	1962.5	67	1.2283
1962	4	1962.75	68	1.2069
1963	1	1963	69	1.0611
1963	2	1963.25	70	1.2213
1963	3	1963.5	71	1.2530
1963	4	1963.75	72	1.4111
1964	1	1964	73	1.2652
1964	2	1964.25	74	1.4339
1964	3	1964.5	75	1.3599
1964	4	1964.75	76	1.5388
1965	1	1965	77	1.5622
1965	2	1965.25	78	1.7455
1965	3	1965.5	79	1.6002
1965	4	1965.75	80	1.6543
1966	1	1966	81	1.4229
1966	2	1966.25	82	1.3557
1966	3	1966.5	83	1.0717
1966	4	1966.75	84	0.8446
1967	1	1967	85	0.6068
1967	2	1967.25	86	0.8507
1967	3	1967.5	87	0.9976
1967	4	1967.75	88	0.9797
1968	1	1968	89	0.9162
1968	2	1968.25	90	1.1364
1968	3	1968.5	91	1.0645
1968	4	1968.75	92	1.0459
1969	1	1969	93	0.6873
1969	2	1969.25	94	0.4243
1969	3	1969.5	95	0.3528
1969	4	1969.75	96	0.4177
1970	1	1970	97	0.0421
1970	2	1970.25	98	0.3892
1970	3	1970.5	99	0.3799
1970	4	1970.75	100	0.5608
1971	1	1971	101	0.6229
1971	2	1971.25	102	0.8502
1971	3	1971.5	103	1.0584
1971	4	1971.75	104	1.3469
1972	1	1972	105	1.1917
1972	2	1972.25	106	1.4717
1972	3	1972.5	107	1.5224
1972	4	1972.75	108	1.4064
1973	1	1973	109	1.2888
1973	2	1973.25	110	0.8281
1973	3	1973.5	111	0.7284
1973	4	1973.75	112	0.3531
1974	1	1974	113	-0.0641
1974	2	1974.25	114	-0.4032
1974	3	1974.5	115	-0.2180
1974	4	1974.75	116	-0.1150
1975	1	1975	117	0.1962
1975	2	1975.25	118	0.4808
1975	3	1975.5	119	0.7298
1975	4	1975.75	120	0.8559
1976	1	1976	121	1.1341
1976	2	1976.25	122	1.1902
1976	3	1976.5	123	1.2327
1976	4	1976.75	124	1.3005
1977	1	1977	125	0.9765
1977	2	1977.25	126	0.9181
1977	3	1977.5	127	1.3995
1977	4	1977.75	128	1.4356
1978	1	1978	129	1.4584
1978	2	1978.25	130	1.2011
1978	3	1978.5	131	0.9613
1978	4	1978.75	132	1.0666
1979	1	1979	133	1.0571
1979	2	1979.25	134	0.5519
1979	3	1979.5	135	0.1167
1979	4	1979.75	136	-0.0976
1980	1	1980	137	0.1403
1980	2	1980.25	138	0.4207
1980	3	1980.5	139	0.2040
1980	4	1980.75	140	0.3372
1981	1	1981	141	0.1122
1981	2	1981.25	142	0.1717
1981	3	1981.5	143	0.2754
1981	4	1981.75	144	-0.0416
1982	1	1982	145	-0.3241
1982	2	1982.25	146	-0.0331
1982	3	1982.5	147	0.1119
1982	4	1982.75	148	0.5700
1983	1	1983	149	1.0987
1983	2	1983.25	150	1.2959
1983	3	1983.5	151	1.5956
1983	4	1983.75	152	1.7225
1984	1	1984	153	1.6618
1984	2	1984.25	154	1.4784
1984	3	1984.5	155	1.3199
1984	4	1984.75	156	1.2490
1985	1	1985	157	1.0826
1985	2	1985.25	158	0.9747
1985	3	1985.5	159	0.8938
1985	4	1985.75	160	0.9150
1986	1	1986	161	0.8497
1986	2	1986.25	162	0.8083
1986	3	1986.5	163	0.7380
1986	4	1986.75	164	0.7533
1987	1	1987	165	0.8591
1987	2	1987.25	166	0.8755
1987	3	1987.5	167	0.9207
1987	4	1987.75	168	0.9254
1988	1	1988	169	1.0359
1988	2	1988.25	170	1.0183
1988	3	1988.5	171	1.0014
1988	4	1988.75	172	0.8719
1989	1	1989	173	0.8294
1989	2	1989.25	174	0.7955
1989	3	1989.5	175	0.7786
1989	4	1989.75	176	0.5889
1990	1	1990	177	0.3297
1990	2	1990.25	178	0.1538
1990	3	1990.5	179	0.1371
1990	4	1990.75	180	0.1660
1991	1	1991	181	0.0734
1991	2	1991.25	182	0.1727
1991	3	1991.5	183	0.3239
1991	4	1991.75	184	0.5963
1992	1	1992	185	0.8152
1992	2	1992.25	186	0.7453
1992	3	1992.5	187	0.7764
1992	4	1992.75	188	0.7955
1993	1	1993	189	0.8270
1993	2	1993.25	190	0.8144
1993	3	1993.5	191	0.8618
1993	4	1993.75	192	0.8040
1994	1	1994	193	0.9355
1994	2	1994.25	194	0.8794
1994	3	1994.5	195	0.8351
1994	4	1994.75	196	0.7672
1995	1	1995	197	0.7281
1995	2	1995.25	198	0.6315
1995	3	1995.5	199	0.7847
1995	4	1995.75	200	0.7506
1996	1	1996	201	0.8707
1996	2	1996.25	202	0.9495
1996	3	1996.5	203	1.0402
1996	4	1996.75	204	1.1191
1997	1	1997	205	1.1308
1997	2	1997.25	206	1.0202
1997	3	1997.5	207	1.0244
1997	4	1997.75	208	1.0565
1998	1	1998	209	1.1923
1998	2	1998.25	210	1.1087
1998	3	1998.5	211	1.0417
1998	4	1998.75	212	1.1131
1999	1	1999	213	1.2331
1999	2	1999.25	214	1.1425
1999	3	1999.5	215	1.2312
1999	4	1999.75	216	0.9980
2000	1	2000	217	0.9556
2000	2	2000.25	218	0.7971
2000	3	2000.5	219	0.7100
2000	4	2000.75	220	0.4165
2001	1	2001	221	0.4295
2001	2	2001.25	222	0.2757
2001	3	2001.5	223	0.3394
2001	4	2001.75	224	0.3263
2002	1	2002	225	0.3764
2002	2	2002.25	226	0.3408
2002	3	2002.5	227	0.4936
2002	4	2002.75	228	0.6806
2003	1	2003	229	0.6864
2003	2	2003.25	230	0.7110
2003	3	2003.5	231	0.7410
2003	4	2003.75	232	0.8426
2004	1	2004	233	0.9083
2004	2	2004.25	234	0.9366
2004	3	2004.5	235	0.7599
2004	4	2004.75	236	0.7401
2005	1	2005	237	0.7135
2005	2	2005.25	238	0.7985
2005	3	2005.5	239	0.7453
2005	4	2005.75	240	0.6257
2006	1	2006	241	0.5879
2006	2	2006.25	242	0.5700
2006	3	2006.5	243	0.5749
2006	4	2006.75	244	0.6274
2007	1	2007	245	0.5163
2007	2	2007.25	246	0.4389
2007	3	2007.5	247	0.4867
2007	4	2007.75	248	0.2858
2008	1	2008	249	0.0457
2008	2	2008.25	250	-0.3046
2008	3	2008.5	251	-0.4672
2008	4	2008.75	252	-0.6326
2009	1	2009	253	-0.7227
2009	2	2009.25	254	-0.9938
];

        